133.03964233398438
127.1393814086914
132.90682983398438
124.87599182128906
131.68841552734375
127.1045150756836
129.1805419921875
126.00297546386719
122.14083099365234
123.76701354980469
125.06462097167969
122.56188201904297
127.51911926269531
123.99009704589844
117.54801940917969
123.11062622070312
123.34259796142578
118.12544250488281
120.02336120605469
111.07173919677734
114.77039337158203
125.62757873535156
115.81090545654297
112.7259292602539
109.31140899658203
106.28524017333984
117.22178649902344
115.20315551757812
117.4991226196289
110.3729019165039
116.76688385009766
111.3812026977539
105.76020812988281
114.69886779785156
109.73099517822266
110.43685913085938
109.37718200683594
108.31627655029297
102.76130676269531
104.67941284179688
104.0902099609375
105.76718139648438
108.44204711914062
97.27547454833984
107.135986328125
105.48435974121094
101.49269104003906
106.61288452148438
100.26741027832031
96.01168823242188
108.07273864746094
107.94950103759766
106.55809783935547
102.16448211669922
96.18634796142578
107.68548583984375
93.54335021972656
97.143310546875
102.66766357421875
104.28285217285156
105.81893920898438
90.91429901123047
96.69905090332031
98.87398529052734
99.47724914550781
98.5926742553711
93.45631408691406
94.22547149658203
97.8360595703125
90.10099029541016
99.56221008300781
96.22557067871094
98.2988510131836
93.88964080810547
83.43728637695312
84.77244567871094
86.24907684326172
89.66927337646484
90.08015441894531
90.15995788574219
84.99862670898438
91.69308471679688
83.06202697753906
86.29378509521484
79.84246826171875
82.26827239990234
78.60150909423828
92.13880920410156
86.86599731445312
90.3108901977539
79.41799926757812
81.76484680175781
82.84474182128906
73.48216247558594
97.63276672363281
76.59110260009766
76.00878143310547
74.06952667236328
84.35086059570312
75.9705581665039
80.11304473876953
78.28767395019531
76.13471221923828
81.75457000732422
77.1124496459961
80.99137115478516
69.6511001586914
77.37455749511719
65.12582397460938
68.65276336669922
66.640625
71.79190826416016
67.06448364257812
66.00989532470703
64.6349868774414
69.20399475097656
72.47137451171875
68.4527587890625
58.8652458190918
57.013893127441406
68.58525848388672
58.884334564208984
61.70872497558594
57.44099044799805
56.968204498291016
59.603271484375
54.06926727294922
64.77210235595703
53.5925407409668
56.02680206298828
56.82704544067383
59.452999114990234
43.134552001953125
53.54044723510742
49.3052978515625
50.31563186645508
50.37907028198242
59.96083450317383
44.97199249267578
40.83162307739258
44.1795768737793
46.75716781616211
40.2061767578125
44.75889587402344
29.623571395874023
36.44521713256836
42.66787338256836
35.531375885009766
40.11274337768555
33.90312194824219
36.002079010009766
29.537372589111328
30.06759262084961
33.37574768066406
20.09307098388672
30.40639877319336
20.350635528564453
27.351102828979492
16.557769775390625
19.12196922302246
20.498781204223633
15.764276504516602
21.47686004638672
15.156174659729004
11.579678535461426
11.076812744140625
13.612549781799316
13.59237289428711
10.59082317352295
9.550068855285645
8.858201026916504
10.415733337402344
5.394996166229248
7.363987922668457
6.514064788818359
5.750354290008545
5.579347610473633
6.796452522277832
4.428861141204834
4.438746452331543
4.453475475311279
4.060198783874512
4.010369300842285
3.8868408203125
4.268587589263916
3.8473618030548096
3.853240966796875
3.679140090942383
3.8619418144226074
3.818115711212158
3.875161647796631
3.56870698928833
3.7216341495513916
3.905071258544922
3.868868350982666
3.644002914428711
3.6082606315612793
3.4406557083129883
3.310063600540161
3.4577856063842773
3.3019232749938965
3.2823398113250732
3.525249719619751
3.318963050842285
3.5596461296081543
3.2702670097351074
3.4243533611297607
2.748488664627075
2.985653877258301
3.155524253845215
3.276226043701172
3.160562515258789
2.89129638671875
2.979393243789673
3.1255979537963867
3.133833885192871
2.797673225402832
3.056419610977173
2.906811475753784
2.9675676822662354
3.2372536659240723
3.07234787940979
2.7219157218933105
2.6437952518463135
3.0691072940826416
3.2530322074890137
2.7676212787628174
3.333264112472534
2.681436538696289
2.9985239505767822
3.0166523456573486
2.898228883743286
3.469975233078003
2.3451075553894043
2.6955485343933105
2.9117116928100586
2.7928881645202637
3.2685773372650146
2.9006173610687256
2.2129337787628174
2.7824862003326416
3.3094677925109863
2.746407985687256
3.0378007888793945
2.5624499320983887
3.033085584640503
2.62065052986145
2.365009307861328
2.53824520111084
3.1477251052856445
3.115511417388916
2.648132562637329
2.8856921195983887
2.7077555656433105
2.6115503311157227
2.972496747970581
2.8366968631744385
3.2996387481689453
2.918903350830078
2.6857593059539795
2.685504913330078
2.669511318206787
2.6118218898773193
2.5157549381256104
2.7886335849761963
2.039238452911377
2.5589914321899414
2.8890304565429688
2.6747493743896484
2.704604387283325
3.235344409942627
2.0819003582000732
2.866328716278076
2.2781782150268555
2.497293472290039
2.9662539958953857
3.429051399230957
1.9271116256713867
2.542948007583618
3.0486562252044678
2.531256914138794
3.141188859939575
2.575590133666992
2.527225971221924
2.7828519344329834
2.620464563369751
2.2824208736419678
2.471112012863159
2.6019818782806396
2.7467501163482666
2.728156805038452
2.3293871879577637
2.441399574279785
3.1713831424713135
2.7525999546051025
2.0789878368377686
2.750790596008301
2.61557674407959
2.6056056022644043
2.6212754249572754
2.990028142929077
2.4105443954467773
2.3492467403411865
2.4635887145996094
3.050034999847412
2.585080862045288
3.097257137298584
2.3205831050872803
2.939544200897217
1.7881078720092773
3.5683743953704834
2.5793614387512207
2.4211041927337646
2.4964041709899902
1.8970096111297607
2.7170350551605225
1.9916486740112305
2.7860612869262695
1.7746878862380981
2.7959938049316406
2.4545953273773193
2.6627728939056396
2.6814498901367188
2.6975252628326416
2.377300262451172
3.1409146785736084
2.2762696743011475
2.6144890785217285
2.162663221359253
2.1251602172851562
2.7577242851257324
2.135284185409546
2.3976399898529053
2.3061702251434326
3.098477363586426
2.3738038539886475
2.3790040016174316
2.03535795211792
2.28216290473938
2.135615825653076
2.421074151992798
2.4991323947906494
2.8154449462890625
1.9949510097503662
2.42232608795166
3.1860077381134033
2.912929058074951
2.934044122695923
2.5755691528320312
3.4278693199157715
2.2233567237854004
1.9478251934051514
2.8536224365234375
2.8459954261779785
2.1403703689575195
2.54856014251709
1.971359133720398
2.3538320064544678
2.5485684871673584
1.7900781631469727
1.6880635023117065
2.2799477577209473
2.7950167655944824
2.2237839698791504
1.8967171907424927
2.576131582260132
2.558579921722412
3.228893280029297
2.062840223312378
2.3738293647766113
2.485243797302246
2.0500998497009277
2.877884864807129
2.1837737560272217
2.4609904289245605
2.287926197052002
2.2897448539733887
1.674550175666809
3.19272780418396
2.4641759395599365
2.612121820449829
2.4081387519836426
2.053116798400879
2.3974993228912354
1.889339804649353
2.181116819381714
2.4527955055236816
1.5210853815078735
3.1341850757598877
2.489487886428833
2.4368503093719482
1.9453394412994385
2.2690670490264893
2.3608248233795166
1.9002264738082886
1.8151812553405762
2.201978921890259
3.0427708625793457
2.9203908443450928
2.301283836364746
2.215214967727661
2.154590129852295
3.0714521408081055
1.7327134609222412
2.04896879196167
2.3402822017669678
2.247772455215454
2.494105577468872
1.5028959512710571
2.13808274269104
2.473041534423828
2.190180778503418
2.0560202598571777
2.4701082706451416
2.1465275287628174
1.7653290033340454
1.8215457201004028
1.9890333414077759
1.692434310913086
2.321732759475708
2.382568359375
2.1587393283843994
3.116724729537964
2.6109747886657715
2.071911334991455
2.9944193363189697
2.4295573234558105
2.4303014278411865
1.9688080549240112
3.9960925579071045
1.4701441526412964
2.478067398071289
1.782165288925171
2.086529016494751
1.6418910026550293
2.8156654834747314
1.888763666152954
2.0546512603759766
1.6481165885925293
2.469266176223755
2.8152177333831787
2.708552360534668
2.516566038131714
2.421434164047241
2.2307991981506348
1.8281176090240479
2.0966246128082275
2.1241965293884277
1.839531421661377
2.248365879058838
2.0019900798797607
2.6602203845977783
1.678582787513733
1.1774301528930664
2.385300874710083
1.6640088558197021
2.284061908721924
1.3565919399261475
2.9631309509277344
2.4587483406066895
1.3996925354003906
1.3091974258422852
1.6555733680725098
1.9170219898223877
1.8293876647949219
1.6151052713394165
2.15375018119812
1.6099729537963867
2.419290065765381
2.2229084968566895
1.813355565071106
1.6914242506027222
1.3387715816497803
2.021892547607422
1.4596067667007446
1.5905301570892334
1.777095913887024
2.1522631645202637
1.6160614490509033
2.424896240234375
1.2249131202697754
1.8869168758392334
2.2132599353790283
3.4158530235290527
1.687425136566162
1.4948740005493164
1.4864070415496826
1.6428110599517822
1.8844997882843018
1.8887934684753418
1.1652331352233887
1.619775414466858
2.243708610534668
1.4261291027069092
1.5237616300582886
2.3101329803466797
1.5117310285568237
1.1225197315216064
1.5973544120788574
2.923128366470337
4.173481464385986
1.5474220514297485
1.7958424091339111
1.2988591194152832
1.660065770149231
1.6792092323303223
2.0244669914245605
2.4259939193725586
1.6215124130249023
1.4226971864700317
2.739515542984009
2.275888442993164
2.234248638153076
2.369797945022583
1.6704895496368408
1.9102603197097778
1.4879465103149414
1.6841979026794434
2.318408966064453
1.4368782043457031
2.347438097000122
1.5389692783355713
1.797431230545044
1.9634746313095093
1.691997766494751
2.1510698795318604
1.4600931406021118
2.1345691680908203
1.2245416641235352
1.7698180675506592
2.0539610385894775
2.193232536315918
1.3685095310211182
2.4125547409057617
1.6123679876327515
1.5526024103164673
2.868579626083374
2.463726758956909
1.1098209619522095
2.138345956802368
1.2837872505187988
6.673076629638672
2.3804826736450195
1.5683975219726562
2.0019006729125977
2.3111307621002197
2.7646851539611816
2.2268221378326416
2.314295530319214
1.5087032318115234
2.420012950897217
1.5448042154312134
1.350693702697754
1.3288649320602417
1.2999835014343262
2.391313076019287
1.622047781944275
1.9370298385620117
1.8733631372451782
1.5476009845733643
1.6268210411071777
1.2856032848358154
1.3019988536834717
1.8066322803497314
4.833760738372803
1.3306221961975098
1.6655287742614746
1.8603209257125854
1.7362775802612305
2.160475254058838
1.9310599565505981
2.072866201400757
1.0895639657974243
1.526459813117981
1.40890634059906
2.1729347705841064
1.4779331684112549
1.6905616521835327
1.880523443222046
3.900151014328003
1.2540696859359741
1.5081748962402344
1.6497658491134644
1.5049785375595093
1.34726881980896
1.9924509525299072
1.7021377086639404
1.5054094791412354
1.3402966260910034
1.308786153793335
2.5808539390563965
4.188227653503418
1.7443395853042603
1.3415513038635254
1.858170747756958
1.6529961824417114
1.6347665786743164
1.8632700443267822
1.0151920318603516
1.7185652256011963
1.4880568981170654
1.435293197631836
3.3385941982269287
1.1646162271499634
2.12862491607666
1.5221338272094727
1.1866059303283691
1.6024174690246582
1.5105043649673462
2.7383241653442383
3.1991689205169678
1.6249202489852905
1.180340051651001
1.8941361904144287
1.5999103784561157
1.849783182144165
2.513594388961792
1.2344146966934204
1.2174701690673828
1.3481967449188232
1.3963563442230225
5.624691009521484
2.019146203994751
1.459964632987976
1.5138123035430908
1.0511555671691895
1.1721199750900269
1.9032841920852661
1.8444942235946655
1.413629174232483
1.6378800868988037
1.9917628765106201
1.4742326736450195
1.3407249450683594
1.6727763414382935
1.5101457834243774
2.3021156787872314
1.4139734506607056
1.5186163187026978
1.2709965705871582
1.5700660943984985
1.5463566780090332
1.948593020439148
3.781510591506958
1.2426526546478271
1.0492268800735474
1.9946701526641846
1.633909821510315
1.187035322189331
1.1072865724563599
1.5548477172851562
1.2138861417770386
2.3128364086151123
1.6431878805160522
1.1956769227981567
1.522377610206604
3.851510524749756
1.0117329359054565
1.4361881017684937
2.2720749378204346
1.240398645401001
1.6607763767242432
2.6696925163269043
1.6527905464172363
3.0377209186553955
1.609331727027893
3.54714035987854
4.7382354736328125
1.113120198249817
1.490400791168213
1.8525142669677734
3.363171100616455
2.351837635040283
1.3906387090682983
1.3289352655410767
1.5278816223144531
1.3068515062332153
1.726811170578003
1.1298456192016602
1.0533742904663086
1.588185429573059
1.5891634225845337
1.6867445707321167
1.344422698020935
1.050885558128357
1.0641332864761353
1.4102318286895752
1.427968978881836
1.403851866722107
1.58099365234375
2.225619316101074
1.6903401613235474
2.107468605041504
1.1341520547866821
2.8564910888671875
1.4994523525238037
1.7805778980255127
1.2498109340667725
2.535966396331787
1.1297956705093384
1.715779185295105
1.179429292678833
1.0789971351623535
0.9802752137184143
1.9102586507797241
1.283911943435669
0.94588303565979
1.136899471282959
1.2367504835128784
2.4733097553253174
0.9864703416824341
2.228201389312744
1.189244270324707
1.2398008108139038
1.7206534147262573
1.1961506605148315
1.4208072423934937
1.5620619058609009
1.183375358581543
1.709022045135498
1.5092135667800903
1.8117094039916992
1.1668376922607422
1.4997074604034424
1.224518895149231
1.13465416431427
1.4687421321868896
1.4921765327453613
0.9913613200187683
1.2069225311279297
4.373073577880859
1.0469064712524414
1.0146516561508179
1.4076675176620483
4.267908096313477
3.756908893585205
0.9296321272850037
1.5621497631072998
1.079705834388733
1.500981330871582
1.5708669424057007
1.4943214654922485
1.934362769126892
2.0241944789886475
1.882864236831665
0.9447138905525208
1.628962755203247
1.8327033519744873
1.1139557361602783
1.1429308652877808
1.1637401580810547
0.9760128259658813
1.0854177474975586
2.323551654815674
1.0402629375457764
0.9098755121231079
1.74101722240448
1.2519961595535278
1.300843358039856
2.265296220779419
1.1487239599227905
2.3990252017974854
1.32879638671875
1.0802479982376099
1.0854637622833252
0.9713369607925415
1.3233635425567627
1.3241642713546753
1.0584285259246826
0.9934449791908264
1.255812406539917
2.1861963272094727
1.033463954925537
1.5200183391571045
1.9880584478378296
0.9857308864593506
4.166308403015137
1.2242205142974854
2.0009536743164062
2.354717254638672
1.1405404806137085
1.8807660341262817
1.6094788312911987
2.051931619644165
1.679672360420227
1.0935131311416626
1.1177473068237305
2.4600133895874023
1.5441747903823853
2.857501983642578
1.5732049942016602
0.9944943785667419
0.9912828803062439
2.002397060394287
1.165500521659851
1.7759675979614258
1.7378871440887451
1.2380311489105225
0.902538537979126
1.1497224569320679
1.5655704736709595
1.4202368259429932
0.9150937795639038
1.015095591545105
2.3268306255340576
1.2204781770706177
1.2242878675460815
1.3183798789978027
1.4173738956451416
1.3728666305541992
1.3393499851226807
2.7816901206970215
0.7504170536994934
2.4316937923431396
0.943294882774353
0.9866811633110046
1.0305917263031006
1.4044215679168701
1.1330140829086304
1.8412301540374756
0.900068461894989
0.9347711801528931
0.9127671122550964
0.8998458981513977
0.9533251523971558
1.1095370054244995
0.8797262907028198
0.8741568326950073
0.9053633213043213
1.5152537822723389
1.6078850030899048
1.7242718935012817
0.7943053245544434
1.6360677480697632
1.685666561126709
1.161449670791626
0.8921878337860107
0.9879366755485535
1.2906855344772339
0.9055759906768799
0.9822313189506531
0.9720786213874817
1.1520440578460693
2.1355319023132324
1.121755838394165
0.8005990982055664
1.4576683044433594
0.8754302263259888
0.9257084131240845
2.792487144470215
0.827619194984436
0.9340547919273376
1.145898461341858
0.7345641851425171
0.9454926252365112
1.70359206199646
0.84584641456604
1.3472559452056885
1.6205661296844482
1.2209336757659912
0.8695275187492371
0.7084349393844604
0.8046193718910217
1.28294837474823
1.359678030014038
1.7206809520721436
1.4300103187561035
0.9740957021713257
1.2788670063018799
3.608275890350342
1.246929407119751
1.0317175388336182
0.8165489435195923
1.0016841888427734
1.1422287225723267
0.9351679086685181
0.9268890619277954
1.0049645900726318
1.1074137687683105
0.801917552947998
0.8920531868934631
0.9935798048973083
1.5270545482635498
1.7595922946929932
1.57303786277771
0.9766600131988525
0.7685381770133972
1.515495777130127
0.8555452823638916
2.2228457927703857
0.9543380737304688
1.4292869567871094
0.8702875375747681
0.8596256971359253
1.2157224416732788
1.629397988319397
1.5299261808395386
0.9320859909057617
0.9903663992881775
1.1257100105285645
1.2961831092834473
1.0626927614212036
0.99897700548172
1.2812460660934448
0.9044841527938843
0.9709138870239258
0.8765162229537964
0.9254023432731628
1.110900640487671
0.8078507781028748
1.2428078651428223
0.9574792385101318
1.040228009223938
1.1086692810058594
1.3117191791534424
0.7635666728019714
0.895053505897522
0.7278087139129639
1.496253252029419
0.8517225980758667
1.0642410516738892
1.6725876331329346
0.9710255861282349
1.725206971168518
1.0686479806900024
0.8252836465835571
1.4334399700164795
0.9648643732070923
0.9746369123458862
0.7700532674789429
0.9200065732002258
1.1420197486877441
1.5909736156463623
0.7903523445129395
1.9835827350616455
0.9807145595550537
1.1508548259735107
1.0098648071289062
0.9274587035179138
1.408061146736145
1.0770937204360962
1.0473127365112305
0.8213714957237244
1.1460115909576416
1.056114673614502
1.7524727582931519
2.3566243648529053
1.1981621980667114
0.8052920699119568
0.8241104483604431
0.9684808850288391
0.7758961915969849
1.1552752256393433
0.8051320910453796
0.8271149396896362
1.0727455615997314
1.3197745084762573
0.8628063201904297
0.7687210440635681
0.8701735138893127
2.3390746116638184
0.9592626690864563
1.447956919670105
1.398281216621399
0.7057887315750122
1.1846394538879395
0.7841637134552002
0.7558070421218872
1.2104377746582031
0.7620787024497986
0.8395304083824158
1.303745985031128
1.2470448017120361
1.3379634618759155
1.307549238204956
0.9184349179267883
1.0204973220825195
0.8595632910728455
0.6542479991912842
0.8836796283721924
0.9053643941879272
0.8281127214431763
1.3427999019622803
0.9938616752624512
0.9156426191329956
0.8311609625816345
0.7970982789993286
0.6966047286987305
1.054783821105957
0.7675555944442749
2.465437173843384
1.4459789991378784
0.8156264424324036
1.029447317123413
0.8354694247245789
0.9992642998695374
0.8590261936187744
0.912494957447052
1.2601958513259888
0.9344725608825684
0.9179327487945557
1.192495584487915
0.799370288848877
0.9322518110275269
0.905619204044342
0.7403973937034607
1.043266773223877
1.6748944520950317
0.8509811162948608
0.8497942686080933
2.321016550064087
0.8387294411659241
0.7215147018432617
1.0845999717712402
0.7888493537902832
0.753995418548584
1.121987223625183
0.7615442276000977
0.7761982679367065
0.7532389163970947
0.8643018007278442
0.7783234715461731
0.7185004949569702
1.081626296043396
1.4675865173339844
0.9306925535202026
0.7060675024986267
0.7801681756973267
0.8771687746047974
1.0533415079116821
1.4608674049377441
0.7103433012962341
0.8264002799987793
1.1422290802001953
0.7557559013366699
1.3289568424224854
0.8917429447174072
1.013314127922058
0.9703152775764465
0.8935797810554504
0.8402852416038513
0.7622995376586914
1.371421217918396
0.8912126421928406
1.036354422569275
0.648289680480957
0.9604352116584778
0.6928234100341797
0.8735212683677673
0.6850341558456421
0.8160108327865601
0.8671020269393921
0.6958591341972351
0.8814583420753479
0.8239983916282654
0.6543279886245728
1.2359517812728882
1.0605696439743042
0.7404226064682007
0.99074387550354
0.7971808314323425
0.8039315938949585
1.059931755065918
0.7483332753181458
1.1044714450836182
1.057795524597168
0.6917813420295715
1.6218373775482178
0.717164158821106
0.7652847766876221
0.8091549277305603
0.8861643075942993
0.7348136305809021
1.1437015533447266
0.8034669160842896
0.7951552271842957
0.9395408034324646
0.7826079726219177
0.8029543161392212
1.148845911026001
2.1372406482696533
0.8461869955062866
0.7599937319755554
0.9318811893463135
0.7261004447937012
0.7787994742393494
1.0051627159118652
0.8877818584442139
0.8680494427680969
0.9501148462295532
0.7270694375038147
0.6183681488037109
0.7569296956062317
1.2325170040130615
0.6486114263534546
1.8661633729934692
0.7787504196166992
1.0168818235397339
1.0256426334381104
0.9203991889953613
0.9568193554878235
0.7735269665718079
1.1576216220855713
0.6913778185844421
0.7583288550376892
1.9309804439544678
1.577582836151123
0.8535970449447632
1.6889244318008423
1.1466193199157715
0.7914000749588013
0.9292030334472656
0.7828323841094971
1.0525810718536377
0.6858255863189697
0.9140967130661011
1.0565245151519775
1.0985580682754517
0.750511884689331
0.7604986429214478
0.8055112361907959
0.8854531049728394
1.2712119817733765
0.6849456429481506
0.8951559662818909
0.8241331577301025
1.227675437927246
1.1945955753326416
0.8101885318756104
0.7343178987503052
0.6876600384712219
0.7188745737075806
1.0643914937973022
1.4894890785217285
0.6819645762443542
0.9973504543304443
1.033028483390808
0.9449114799499512
0.8349742293357849
0.7477139234542847
0.6897989511489868
0.6508488655090332
0.7293252944946289
0.6714812517166138
0.7813133001327515
0.8073340654373169
0.6662867665290833
1.1516762971878052
0.8279212713241577
0.8764733076095581
1.1250678300857544
1.3435951471328735
0.8055166006088257
0.8675318956375122
0.8669469356536865
0.9799205660820007
0.6685943007469177
0.7415148019790649
0.7493014335632324
0.7305495738983154
0.8821926712989807
0.6546972990036011
0.8904746174812317
1.0228832960128784
1.0978059768676758
0.6712849140167236
0.8123888969421387
1.165619134902954
1.1371370553970337
0.8313366770744324
0.7634670734405518
0.8981962203979492
0.6794183254241943
0.7566894292831421
0.7583485841751099
1.7147281169891357
0.696661114692688
0.8860859870910645
0.7013441324234009
0.7652757167816162
0.6592025756835938
0.7889814972877502
0.9542446732521057
0.6588990092277527
0.9786581993103027
0.7406054735183716
1.4622448682785034
0.7689570784568787
0.8412991166114807
0.6922206282615662
0.6391147375106812
0.6318037509918213
0.7667396068572998
0.9630799293518066
0.7214606404304504
0.8493717312812805
0.7915617227554321
0.8131989240646362
0.8845642805099487
0.8154325485229492
0.7650744318962097
0.6454846262931824
0.7823534607887268
0.7286158800125122
0.7506595253944397
0.7850180864334106
1.1179981231689453
0.7494311928749084
0.878337025642395
0.6856720447540283
1.5820400714874268
0.9495056867599487
0.688491702079773
0.9265074729919434
0.7044267654418945
1.102874755859375
0.701066792011261
1.4967615604400635
0.7158897519111633
0.7471209168434143
0.7652334570884705
0.6986730694770813
1.0113718509674072
1.108585238456726
1.130197525024414
0.811120867729187
0.7483338117599487
0.8526255488395691
0.6819849610328674
0.7645466327667236
0.7417634725570679
0.9883426427841187
0.7011127471923828
0.8676074743270874
0.9165109395980835
0.7445035576820374
0.6768022775650024
1.4743907451629639
0.7517555356025696
1.205319881439209
0.9880708456039429
1.2428516149520874
0.9493282437324524
0.7823355197906494
1.1991214752197266
0.7332223653793335
0.6485266089439392
0.8556243777275085
0.7348047494888306
0.8121333718299866
0.6490060091018677
0.6823097467422485
0.6605597138404846
0.9806271195411682
0.729950487613678
0.6299868226051331
0.6660746335983276
1.3817273378372192
0.814873993396759
1.3497700691223145
0.7007845640182495
0.6133036613464355
2.278888702392578
1.0184091329574585
0.7796199917793274
0.8780228495597839
0.9083579778671265
0.823861300945282
0.8764147162437439
0.7515925765037537
0.6794519424438477
0.7308511734008789
0.6873399019241333
0.918445348739624
0.7591433525085449
1.4882068634033203
0.7933247089385986
0.7804569005966187
0.663846492767334
0.6920979022979736
0.9412087798118591
0.7250853180885315
0.9785892367362976
0.738523006439209
0.7563027739524841
1.0876469612121582
0.7239469885826111
0.7002413868904114
0.6561517715454102
0.8400815725326538
0.8275371789932251
0.7960566282272339
0.8362173438072205
0.7270121574401855
1.2653694152832031
1.1146266460418701
1.319474220275879
0.7577986121177673
0.7546492218971252
0.922352135181427
0.7181466817855835
1.2209607362747192
0.7166978120803833
0.7277333736419678
0.6218018531799316
0.954521894454956
0.7129677534103394
0.7412712574005127
1.0840373039245605
0.8297231793403625
0.7162010669708252
0.7757056355476379
0.9568036794662476
0.826746940612793
0.6650064587593079
0.7351892590522766
0.8037471175193787
0.6816930174827576
0.8926792144775391
1.0618144273757935
0.8778221607208252
0.8504899144172668
0.9233264327049255
1.5474755764007568
2.0311686992645264
0.7474692463874817
1.0137264728546143
0.7462295293807983
0.7518740892410278
0.9495206475257874
1.0535621643066406
0.9274769425392151
1.0053696632385254
0.8222978711128235
0.6966028213500977
0.8268986344337463
1.1501221656799316
0.8466328978538513
0.9019742012023926
0.756462037563324
0.7506331205368042
0.6303964257240295
0.6327158808708191
1.0616636276245117
0.6895297169685364
1.6105581521987915
0.8216149210929871
1.0112371444702148
0.663985550403595
0.7631727457046509
0.8266106843948364
0.754677951335907
0.7019538879394531
0.8849915862083435
1.1687778234481812
0.6222440600395203
0.6553876996040344
1.2705081701278687
0.8235059380531311
0.7689793109893799
0.6679675579071045
0.6668748259544373
0.7025293111801147
0.6802270412445068
0.974128246307373
0.8555376529693604
0.960547924041748
0.6380144953727722
0.9021294116973877
0.7555508613586426
0.6452544927597046
0.7110774517059326
0.6966784000396729
0.7003251314163208
0.7415461540222168
1.242003083229065
0.9226807951927185
1.0347141027450562
0.7768987417221069
0.903597891330719
0.6171854138374329
0.7287349700927734
0.8134185671806335
0.9930683374404907
0.7456116676330566
1.0001529455184937
0.7327767610549927
0.6510828733444214
0.7887348532676697
0.6915053725242615
0.6815385222434998
0.6209516525268555
0.7068176865577698
0.6885471343994141
0.7350452542304993
0.7016006112098694
0.666447639465332
0.6745561361312866
0.7190138697624207
0.7175105810165405
0.7253478169441223
0.646485447883606
0.63721764087677
0.7552387118339539
0.7373050451278687
1.0046429634094238
0.7261221408843994
0.6166142225265503
1.0732439756393433
0.6814302802085876
0.6549049019813538
0.6715700030326843
0.6182605028152466
1.4092435836791992
0.6881586313247681
0.631801426410675
2.0166220664978027
0.678415060043335
0.703912079334259
0.5968388319015503
0.7981404066085815
0.6788842678070068
0.7379598617553711
0.7445334196090698
0.8749319314956665
0.7216708660125732
0.6703431606292725
0.6581845879554749
0.9312038421630859
1.1371090412139893
1.5177018642425537
0.6073388457298279
0.7931261658668518
1.600440502166748
0.6681575775146484
0.7886950969696045
0.7036850452423096
0.7390447854995728
0.7358863353729248
0.953624963760376
1.226173996925354
0.6963321566581726
0.7742704749107361
0.7702983617782593
0.6854588985443115
1.065264344215393
0.6487622857093811
0.6940632462501526
0.6784389615058899
0.6432930827140808
0.686264157295227
0.6839452981948853
0.6699468493461609
1.0832548141479492
0.6579317450523376
0.864765465259552
0.8970627784729004
0.652594268321991
0.6612775325775146
1.0539398193359375
0.7195402383804321
0.7379955649375916
0.6398507356643677
0.9486124515533447
0.9442377686500549
0.6608735918998718
0.6161611676216125
0.9083893299102783
0.6503973603248596
0.7234936952590942
0.8490574955940247
0.6121182441711426
0.8041920065879822
0.7251705527305603
0.7116031050682068
0.7315124273300171
0.6530330181121826
0.8973544836044312
0.666366457939148
0.6688117980957031
0.691287636756897
0.6796241998672485
0.6383515000343323
0.6329674124717712
0.7601379156112671
0.6581209301948547
0.6122239828109741
0.8870701789855957
1.0913386344909668
0.672065258026123
0.6769888401031494
0.7208107113838196
1.3004039525985718
1.8483281135559082
0.9164126515388489
0.8107162714004517
0.676813542842865
0.6583292484283447
0.9735239744186401
0.7287305593490601
0.7161029577255249
1.0044665336608887
0.9139024019241333
0.8049505949020386
0.6483489274978638
0.8268038630485535
0.6809147596359253
0.7711692452430725
0.66872638463974
0.7156190276145935
1.1381603479385376
0.5957234501838684
0.6672433018684387
0.777003288269043
0.7789466381072998
0.793453574180603
0.6171296238899231
0.7247738242149353
0.6764639616012573
0.9512580037117004
0.6854014992713928
0.8479167222976685
0.7137312889099121
0.7227360010147095
0.6707842946052551
0.6891117095947266
0.6605551242828369
0.8544939160346985
0.7252265810966492
0.9706751704216003
0.6236166954040527
0.6695305109024048
0.8813003301620483
0.7079823613166809
0.8693124651908875
0.9372000694274902
0.9195988774299622
0.7242424488067627
0.5895727872848511
0.5927733778953552
0.7683623433113098
0.5853599905967712
0.6421629190444946
0.7132366895675659
0.6986536383628845
0.8724433779716492
1.0486376285552979
0.6227401494979858
0.646371603012085
1.139361023902893
0.6574245095252991
0.6943601369857788
0.6520196199417114
0.7171308994293213
0.8035322427749634
0.8637329936027527
0.6800344586372375
0.7026696801185608
0.6546165943145752
0.703650951385498
0.6669794321060181
0.7160731554031372
1.1057504415512085
0.8770884275436401
0.5832303762435913
0.848379373550415
0.7265381813049316
0.817326545715332
0.7348137497901917
1.0937124490737915
0.6693433523178101
2.664898633956909
1.0334718227386475
0.7094175219535828
0.6912822127342224
0.6808621287345886
0.7830266952514648
0.8143791556358337
0.5889890193939209
0.7890381813049316
0.6481257677078247
1.3911939859390259
0.9631631374359131
0.644196093082428
0.8686051368713379
0.8839841485023499
0.5976126194000244
0.649097204208374
1.1985349655151367
0.8053048253059387
0.8069990873336792
0.7813418507575989
0.6230310201644897
1.022790789604187
0.9497575759887695
0.5953513383865356
0.7042462229728699
0.9435865879058838
0.7904670834541321
0.6541256904602051
0.7454755902290344
0.9948926568031311
0.7504053115844727
0.6287384033203125
0.737661600112915
0.6564604640007019
0.6081381440162659
0.8898723721504211
0.7782220244407654
0.6769601702690125
0.7816046476364136
0.6530083417892456
0.7076388597488403
0.775916576385498
0.77391517162323
0.6707453727722168
0.886689305305481
1.0825921297073364
0.6546964645385742
1.5046993494033813
0.6779274940490723
0.690006673336029
0.7023743391036987
0.6394700407981873
0.6724507808685303
0.7991344332695007
0.6431769132614136
0.6570692658424377
0.6778513193130493
0.781779408454895
1.2904223203659058
0.7775003910064697
0.8471841216087341
0.854962944984436
0.7454148530960083
1.1437981128692627
0.7481342554092407
0.6464130878448486
0.657491147518158
0.5799916982650757
0.6700825691223145
0.6910461187362671
0.6324920654296875
0.8208601474761963
0.6759527921676636
0.5773756504058838
0.7331609129905701
0.713257908821106
0.9734850525856018
0.6460928320884705
0.7312516570091248
1.3748877048492432
0.6524912714958191
0.7863134145736694
0.6507079601287842
0.6875298023223877
0.638519287109375
0.6681437492370605
0.728691577911377
0.7715071439743042
0.737981915473938
0.5998266935348511
0.8107185959815979
0.7462053298950195
0.6549710035324097
0.683639645576477
2.091977834701538
0.7156693339347839
0.5863041877746582
0.683574378490448
0.6252283453941345
0.6085914373397827
0.6594967842102051
0.8441116809844971
0.7032151818275452
0.8216034173965454
1.382577657699585
0.7229363918304443
0.7451636791229248
0.709284782409668
0.7936941385269165
0.897962749004364
0.6099318861961365
0.6035841703414917
0.6345076560974121
0.7887798547744751
0.5657740831375122
0.8530780673027039
0.8771467804908752
0.9747849106788635
0.6230352520942688
0.6995455622673035
0.6486578583717346
0.8648937940597534
0.6519775986671448
0.6557056903839111
0.7541800737380981
0.91866534948349
0.833885908126831
0.6267794370651245
0.6598905920982361
0.6589958667755127
0.7250418066978455
1.195713996887207
0.792852520942688
0.645182192325592
0.9468462467193604
0.5714025497436523
1.0675069093704224
0.630079984664917
0.6980957984924316
0.7325283288955688
0.6152427792549133
0.7822508811950684
0.8876442909240723
0.789353609085083
0.628882646560669
0.6585624814033508
0.611803412437439
0.7211694717407227
0.7287168502807617
0.5852532386779785
0.6469109058380127
0.5988793969154358
0.7200356721878052
0.8090200424194336
0.715024471282959
0.7670695781707764
0.5954915881156921
0.5967684388160706
0.7350672483444214
0.8521683812141418
0.5616798996925354
1.1652292013168335
0.8702369928359985
0.6594832539558411
0.7051305770874023
0.9307049512863159
0.7206194400787354
0.7834445238113403
0.7027140855789185
0.7021920680999756
1.3012845516204834
0.5488301515579224
0.7931965589523315
0.6749516725540161
0.6087856292724609
0.6377434730529785
0.6548976302146912
0.8014551997184753
0.5854147672653198
0.7818103432655334
0.5675756931304932
0.6723954677581787
0.7795869708061218
0.6480165719985962
0.7775719165802002
0.5887306928634644
0.5547752380371094
0.9583853483200073
0.6354606747627258
0.6028434634208679
1.4045225381851196
0.6542559266090393
0.6112521290779114
0.8019986152648926
0.669765293598175
0.8138294219970703
0.5995770692825317
0.6080503463745117
0.628618061542511
0.7485986351966858
0.7669576406478882
0.6455814242362976
0.8691018223762512
0.6779428720474243
0.8268048763275146
0.6250457763671875
0.6712250113487244
0.5702446699142456
0.6276265382766724
0.603922963142395
0.6851363182067871
0.8501619100570679
1.010101079940796
0.6324361562728882
0.6220705509185791
0.6339678764343262
0.7708812952041626
0.6681499481201172
0.7712342143058777
2.4577534198760986
0.8520427942276001
0.6344196796417236
0.6901403665542603
0.6813702583312988
0.6901971101760864
1.3008471727371216
0.6905497312545776
0.8246217966079712
0.6396015882492065
0.6059795618057251
0.7632532119750977
0.6479167938232422
0.9807536602020264
0.7364838123321533
0.7682488560676575
0.7393560409545898
0.7240749597549438
0.7090376615524292
0.8130277991294861
0.6277469992637634
0.7813330292701721
0.6775514483451843
0.6148918867111206
1.2294232845306396
0.6532531976699829
0.6489006876945496
0.6934522390365601
0.7051234841346741
0.5978423953056335
0.6530849933624268
0.590723991394043
0.6393722891807556
0.6604516506195068
0.7169656157493591
0.9468547105789185
0.70493483543396
0.6026519536972046
0.624407172203064
0.7006863951683044
0.6570647358894348
0.5770145654678345
0.6229972243309021
0.8585453033447266
0.5962854027748108
0.9275453686714172
0.6247422695159912
0.6789372563362122
0.8406424522399902
0.6421478390693665
0.9250322580337524
0.6872277855873108
0.6214210987091064
0.6500464081764221
0.596567690372467
0.5602380633354187
0.9589713215827942
0.6181308627128601
0.6513181328773499
0.7991698384284973
0.68517005443573
0.8559905886650085
0.9615649580955505
0.7338281869888306
0.6610334515571594
0.6646501421928406
0.8540745377540588
0.7386547327041626
0.6975547075271606
0.6974645256996155
0.9440923929214478
0.871410071849823
0.7355514764785767
0.7166979312896729
0.8148398399353027
0.7409877181053162
0.6416752934455872
0.6382793188095093
0.6729714274406433
0.7471172213554382
0.5717849731445312
0.6283506751060486
0.815761923789978
0.6050668954849243
0.676409900188446
0.7656162977218628
0.5538180470466614
0.6945216655731201
0.7436367273330688
0.99723219871521
1.3287562131881714
0.7321867942810059
0.6236790418624878
0.688182532787323
0.6217247247695923
0.6330175995826721
0.6331828832626343
0.8028968572616577
0.9566769003868103
0.7055832147598267
0.643676221370697
0.6685466766357422
0.6192185878753662
0.6147807240486145
0.6571391820907593
0.6924709677696228
0.7293190360069275
0.7991834878921509
0.7087946534156799
0.6374672055244446
0.7738853693008423
0.631745457649231
0.7503556609153748
0.8757877349853516
1.1520092487335205
0.8396140336990356
0.7490217089653015
0.7335687279701233
0.7005953192710876
0.6325384378433228
0.7578094005584717
0.5899427533149719
0.5986694097518921
1.3138132095336914
0.5617879033088684
0.7192478179931641
0.6958751678466797
0.6930175423622131
0.6867479085922241
0.6481412649154663
1.1539947986602783
0.5981929898262024
0.6861530542373657
0.6497151851654053
0.7163217067718506
0.6529129147529602
0.7070063948631287
0.7075265049934387
0.5631020069122314
0.6158382296562195
0.6937575340270996
0.6760278940200806
0.6438332796096802
0.9462774991989136
0.6691380143165588
0.5984801054000854
0.641876220703125
0.6901162266731262
0.6811666488647461
0.679965615272522
0.7620397210121155
0.9053493738174438
0.8304420113563538
0.6387921571731567
0.7701027989387512
0.7520365715026855
0.6183484792709351
1.7904714345932007
0.6551104187965393
0.6658643484115601
0.6595423221588135
0.644971489906311
0.647072970867157
0.7943905591964722
0.6062853932380676
0.6615944504737854
0.7037085890769958
0.7228391170501709
0.884763240814209
0.606047511100769
0.5842538475990295
0.6638344526290894
0.9239156246185303
0.6750420331954956
0.6135588884353638
0.7375122904777527
0.6534439325332642
1.0439785718917847
0.7331026196479797
0.651945948600769
1.4405698776245117
0.6200353503227234
0.7986835837364197
0.5923597812652588
1.6701538562774658
0.6365455389022827
0.6856193542480469
0.5709665417671204
0.5886631608009338
0.6337721347808838
0.637202799320221
0.6365126371383667
0.6918436884880066
0.617010235786438
0.6626601219177246
0.5952621102333069
0.637660801410675
0.6613941192626953
0.6847202777862549
0.7136074900627136
0.6369417309761047
1.060491919517517
0.7351764440536499
0.5566597580909729
0.6104649305343628
0.6308017373085022
0.5784252285957336
0.6099825501441956
0.8303111791610718
0.6839717626571655
0.619310200214386
0.5871723890304565
0.7286447286605835
0.8752868175506592
0.6346237659454346
0.6075634360313416
0.8255464434623718
0.5860180854797363
0.8327134847640991
0.7693583369255066
0.6011804938316345
0.5950840711593628
0.7059903144836426
0.6395662426948547
0.6415192484855652
0.5573800206184387
0.8207037448883057
0.6810188293457031
0.9329240322113037
0.6693888902664185
0.8756305575370789
0.7980601787567139
0.5840173959732056
0.7443712949752808
0.7387012243270874
0.6111205816268921
0.8549781441688538
1.308803677558899
0.6827410459518433
0.6792756915092468
0.7235012650489807
0.6633297801017761
0.651740550994873
0.5871765613555908
0.5968433618545532
0.8271646499633789
0.9967983961105347
0.5950749516487122
0.6459308862686157
0.567205011844635
0.6615515947341919
0.6949169635772705
0.9533135294914246
0.5711944699287415
0.6744847893714905
0.6448056697845459
0.8674363493919373
0.6210655570030212
0.6740174889564514
0.7212810516357422
0.917879581451416
0.5884808301925659
0.5794793367385864
1.015973687171936
0.7097411751747131
0.5718587636947632
0.6813648343086243
0.5537213683128357
1.3737809658050537
0.6810200810432434
0.7834701538085938
0.7061847448348999
0.9321648478507996
0.6814504861831665
0.72269606590271
0.6066896915435791
0.5776631832122803
0.5600200891494751
0.8701388239860535
0.6912949681282043
0.6871840357780457
0.6268980503082275
0.6144768595695496
0.6398066878318787
0.7258096933364868
0.670390248298645
0.5599151849746704
0.685588538646698
0.6729905605316162
0.8600846529006958
0.676817774772644
0.6769441962242126
0.5911948084831238
0.8526930809020996
0.6136133074760437
1.0859464406967163
0.5522245168685913
0.5696424841880798
0.6478657126426697
0.705955982208252
0.5782249569892883
0.889245867729187
0.7936705350875854
0.5705222487449646
0.6727365851402283
0.736035943031311
0.6222582459449768
0.8952001929283142
0.9539295434951782
0.8203157782554626
0.5991349220275879
0.6850168108940125
0.6136407852172852
0.614732027053833
0.7529007196426392
0.5784399509429932
0.6097946166992188
0.6716874837875366
0.591156542301178
0.7129771113395691
0.6844598054885864
0.5903953909873962
0.7492483854293823
0.9827474355697632
0.6718999743461609
0.5988033413887024
1.0465446710586548
0.6685742735862732
0.9333645105361938
0.6719720363616943
0.8251283168792725
0.9189797043800354
0.9647853374481201
0.6293224692344666
0.7010965943336487
0.6278034448623657
0.7908002734184265
0.6113405823707581
0.6129436492919922
0.6532822847366333
0.7441712617874146
0.7012471556663513
0.6667241454124451
0.7845458388328552
0.6853078603744507
0.6391177773475647
0.671151340007782
0.6034614443778992
0.7171355485916138
0.85523521900177
0.5892719030380249
1.0494939088821411
0.8018158674240112
0.5778265595436096
0.6101111173629761
0.6266428232192993
0.6434611678123474
0.6275400519371033
0.7108787894248962
0.6315972208976746
0.613345742225647
0.6726676225662231
0.6327548623085022
0.52882981300354
1.0376536846160889
1.7542352676391602
0.6040316224098206
0.6628013849258423
0.737409770488739
0.7943089008331299
0.6304911971092224
0.5662407875061035
0.638327956199646
0.6866224408149719
0.7309073209762573
0.6190720796585083
0.5548528432846069
0.6502792239189148
0.6328001618385315
0.642386794090271
0.7003414630889893
0.6902111768722534
0.7606174349784851
0.8102776408195496
0.7278146743774414
0.685870885848999
0.7466742992401123
0.5911102294921875
0.6154240965843201
1.43171226978302
0.8399625420570374
0.5312122702598572
0.7635834217071533
0.6227633953094482
0.5735390186309814
0.6560564637184143
0.9594345688819885
0.632377028465271
0.7315818071365356
0.6235650777816772
0.7562721967697144
0.6397792100906372
0.5927238464355469
0.6402462124824524
0.5964921712875366
0.7236742377281189
0.7003779411315918
0.6532529592514038
0.613434910774231
0.9316585659980774
0.5891950726509094
0.6519193649291992
0.7425243258476257
0.5883479118347168
0.6798667907714844
0.5958451628684998
0.755739688873291
0.8347152471542358
1.2411645650863647
1.0044951438903809
0.6572645902633667
0.6427164077758789
0.6847457885742188
0.7414401769638062
0.9365936517715454
0.6154686212539673
0.6967166066169739
0.6872000098228455
0.6585898399353027
0.6626768112182617
0.6379932165145874
0.7150530219078064
0.571707546710968
0.836426854133606
0.6317024827003479
0.6098607778549194
0.8837217092514038
0.674894392490387
0.6276333928108215
0.55308997631073
0.630144476890564
1.3752094507217407
0.6921183466911316
0.772075891494751
0.6393976807594299
0.6742222905158997
0.6098529100418091
0.6116763949394226
0.7174492478370667
0.8482410907745361
1.211829662322998
0.5654007792472839
0.5990238189697266
0.585133969783783
0.6352190375328064
0.7009400129318237
0.7689656019210815
0.6111077666282654
0.6701322793960571
0.6991186141967773
0.6792066097259521
0.6090183258056641
0.6801985502243042
0.6195304989814758
0.5573284029960632
0.6141419410705566
0.5881433486938477
0.916490912437439
0.6886310577392578
0.6858248114585876
0.6582574844360352
0.6305125951766968
0.6414485573768616
0.8617062568664551
0.5696214437484741
0.5372833013534546
0.6102050542831421
0.6617900729179382
0.5839794874191284
0.7096643447875977
0.6969410181045532
0.5882226824760437
0.8135015368461609
0.8477978110313416
0.6669450998306274
0.6591053009033203
0.6270683407783508
0.6062061786651611
0.6559850573539734
0.7604966163635254
0.6682734489440918
0.6261610388755798
0.8263429403305054
0.5998002290725708
0.6483383178710938
0.5508583784103394
0.7321617603302002
0.642833411693573
0.6114060878753662
0.6386727094650269
0.5385040044784546
0.5891313552856445
0.588864803314209
0.6143789887428284
0.6205317378044128
0.582878828048706
0.704634964466095
0.5649336576461792
1.1948378086090088
0.6273611783981323
0.5757113099098206
0.7730807065963745
1.036085605621338
0.8398507237434387
0.5479162931442261
0.764114260673523
0.5768779516220093
0.5963670015335083
0.7982008457183838
0.7008278965950012
0.546069860458374
0.624337375164032
0.6671945452690125
0.5931283235549927
0.7087461352348328
0.5695918798446655
0.5776624083518982
0.8122611045837402
0.6340920329093933
0.945766270160675
1.2720725536346436
0.804189920425415
0.6110363602638245
1.5746946334838867
0.6190792322158813
0.7101964354515076
0.9661350250244141
0.7480698227882385
0.6459425091743469
0.9718640446662903
0.7210759520530701
0.6641253232955933
0.7795790433883667
0.6557051539421082
0.7042723894119263
0.7852465510368347
1.2957258224487305
0.8576105833053589
0.6498545408248901
0.7096368670463562
0.6025730967521667
0.5984882712364197
1.2967182397842407
0.6244726181030273
0.7290241718292236
0.61338210105896
0.589149534702301
0.7693932056427002
0.5457844734191895
0.8194074034690857
0.7800008654594421
0.5890258550643921
0.8349284529685974
0.6391651630401611
0.5770760178565979
0.8927907943725586
0.7421277761459351
0.7074078321456909
0.6733052134513855
0.5718799829483032
0.8055657148361206
0.674261748790741
0.7539212703704834
0.6002932786941528
0.5891616344451904
0.5650575757026672
0.5866670608520508
0.6563445329666138
0.6139296293258667
0.66548752784729
0.7680949568748474
0.606368362903595
0.6241254806518555
0.864295244216919
0.7154136300086975
0.6237843632698059
1.1181271076202393
0.7910643815994263
0.830897867679596
0.6213114857673645
0.6587246060371399
0.6488715410232544
0.6841910481452942
0.8467012643814087
0.543383002281189
0.5965208411216736
0.6508327722549438
0.5806049704551697
0.6204726099967957
0.9488071203231812
0.5479615330696106
0.8776886463165283
0.8126208782196045
0.7144454121589661
0.6180012226104736
0.5778896808624268
0.6568335890769958
0.7123894691467285
0.6056616306304932
0.6942369937896729
2.296050786972046
0.5977845191955566
0.6141818761825562
0.5743415951728821
0.5688838958740234
0.5949422121047974
0.8181933164596558
0.8462586998939514
0.7123192548751831
0.7123931050300598
0.5899499654769897
0.5331144332885742
0.6168461441993713
0.902428925037384
0.6315069794654846
0.7227605581283569
0.9058723449707031
0.6336401700973511
0.654309868812561
0.8004088401794434
1.1367465257644653
0.6378684639930725
0.6815015077590942
0.7934737205505371
0.6826019287109375
0.7633499503135681
0.6303505897521973
0.7521703839302063
0.6211589574813843
0.5991124510765076
0.6812335848808289
0.6381673812866211
0.6937090158462524
0.6065248847007751
0.6435588002204895
0.8116880059242249
0.7521805763244629
0.593010425567627
0.585735023021698
0.8035299777984619
0.8032817244529724
0.6081088781356812
0.7184430360794067
0.5714772939682007
0.5954278707504272
0.7350925207138062
0.6168376207351685
0.5487332344055176
0.7475894689559937
0.6550450325012207
0.6177049875259399
0.5984703302383423
0.7476116418838501
0.5578701496124268
0.575240433216095
0.5838295221328735
0.603308379650116
0.6206297874450684
0.6763290762901306
0.578836977481842
1.8385971784591675
1.0339889526367188
0.5754129886627197
0.5232009887695312
0.7066105604171753
0.5856274962425232
0.7527625560760498
0.5608119964599609
1.196804165840149
0.6410925388336182
0.8330904245376587
0.6364137530326843
0.6551721692085266
0.5808522701263428
0.6047635674476624
0.5792572498321533
0.9508606195449829
0.5860497355461121
0.5919134616851807
0.5627298951148987
0.6278840899467468
0.634835958480835
0.7121173143386841
0.5537309646606445
0.7491967082023621
0.7746918201446533
0.6279948949813843
0.6401329636573792
0.7680630087852478
0.5828750133514404
0.6302752494812012
0.6607617139816284
0.5340209603309631
0.5738315582275391
0.5580263137817383
0.7768425941467285
0.6660744547843933
0.6147700548171997
0.6125054359436035
0.5740270018577576
0.58515465259552
0.6337822079658508
0.5385429263114929
0.5501621961593628
0.5691956877708435
0.5629159212112427
0.5781365036964417
0.8866879940032959
1.034786581993103
0.6440615057945251
0.6824188232421875
0.6252002716064453
0.616736650466919
0.5923933982849121
0.8038123250007629
0.6512522101402283
0.6300347447395325
0.6111733913421631
0.6944255232810974
0.6457171440124512
0.9344075918197632
0.7826358675956726
0.5762154459953308
0.6256005764007568
0.5810969471931458
0.5736678838729858
0.6659766435623169
0.7937973141670227
0.6602404117584229
0.679408073425293
0.5973049402236938
0.9847997426986694
0.5468276739120483
0.7256726622581482
0.8224437236785889
0.558495044708252
0.8151406645774841
0.5758867263793945
0.6959593892097473
0.7039931416511536
0.5866235494613647
0.6063455939292908
0.6296367049217224
0.690341591835022
0.620983898639679
0.5378344655036926
0.5821956396102905
0.6336826086044312
0.7224777936935425
0.9581943154335022
0.6294679641723633
0.8817314505577087
0.7091439366340637
0.6277725100517273
0.5638912320137024
0.6096736788749695
0.6703986525535583
0.9951732158660889
0.6992242932319641
0.7350969314575195
0.5855391025543213
0.5932689905166626
0.5917077660560608
0.593602180480957
0.6191202402114868
2.4467501640319824
0.5714956521987915
0.6835131645202637
0.5814664363861084
0.5909069776535034
1.1029605865478516
1.2133386135101318
0.6320956945419312
0.8396345376968384
0.6441229581832886
0.5714359879493713
0.5868066549301147
0.7345969676971436
0.6624762415885925
0.5761221051216125
0.7961321473121643
0.6063294410705566
0.5818246006965637
0.7241885662078857
0.7506250739097595
0.5599735379219055
0.7683817148208618
0.6099700331687927
0.526150107383728
0.5568630695343018
0.5395475625991821
0.5847827196121216
0.6415895223617554
0.7558096647262573
0.7001014351844788
0.5557681918144226
0.8957446813583374
0.5974903106689453
0.6709051132202148
0.7942848205566406
0.5887273550033569
0.8004818558692932
0.6145623326301575
0.6545904874801636
0.5757039785385132
0.5940403342247009
0.7124673128128052
0.6678606271743774
0.6129130721092224
1.093972086906433
0.6122785806655884
0.627880871295929
0.6046072244644165
0.536107063293457
0.7585785388946533
0.7069340944290161
0.650713324546814
0.5760416388511658
0.6292679905891418
0.8737918138504028
0.5740610361099243
0.6165508031845093
0.5498048067092896
0.6689701080322266
0.6227500438690186
0.5721527338027954
0.5803750157356262
0.6278414130210876
0.6358565092086792
0.5992079973220825
0.7136094570159912
0.7753158211708069
0.6565766334533691
0.6455327272415161
0.8426217436790466
0.5743201971054077
0.5638235807418823
0.6075186133384705
0.60917067527771
0.5799281597137451
0.6593858599662781
0.6472353935241699
0.8779453635215759
0.6397257447242737
0.5877441763877869
0.7511734366416931
0.5454273819923401
0.5795688033103943
0.7319520115852356
0.5926440954208374
0.9896303415298462
0.5133994817733765
0.6049460768699646
0.6135210990905762
0.606889009475708
0.9426482319831848
0.6418818235397339
0.6386467814445496
0.6509496569633484
0.5686728954315186
0.5699798464775085
0.615816593170166
0.6145790815353394
0.5830355882644653
0.5504812598228455
0.6663897037506104
0.6162679195404053
0.6070225238800049
0.6977653503417969
0.5932669639587402
0.6254385709762573
0.6115607619285583
0.6030791997909546
0.6134165525436401
0.9566195011138916
0.6222017407417297
0.7324882745742798
0.6692094206809998
0.6436470150947571
0.6378685235977173
1.0082038640975952
0.7702617645263672
0.6740998029708862
0.6196160316467285
0.5991684794425964
0.6414257287979126
0.57455974817276
0.98377525806427
0.6944130063056946
0.7382171750068665
0.6490687131881714
0.6586021780967712
0.6330364942550659
0.6115016937255859
0.7203391790390015
0.7889356017112732
0.771471381187439
0.6448811888694763
0.5912902355194092
0.5800260901451111
0.6234392523765564
0.7211308479309082
0.9051637649536133
0.7082100510597229
0.66693115234375
0.5998771786689758
0.5628992319107056
0.7773745656013489
0.627185046672821
0.5460523366928101
0.7530831098556519
0.7249425649642944
0.5573386549949646
0.6828265190124512
0.596566915512085
0.63155198097229
0.6811805963516235
0.5805228352546692
0.5869964361190796
0.6711425185203552
0.5945537686347961
0.7042635679244995
0.6887630820274353
0.6584014892578125
0.6169983148574829
0.8516491651535034
1.5916239023208618
0.8149000406265259
0.5768378973007202
1.402909278869629
0.5877476334571838
0.6771869659423828
1.0562355518341064
0.6842108368873596
0.7304058074951172
0.6406491994857788
0.6547497510910034
0.6401318907737732
0.6727415323257446
0.7551790475845337
0.6417975425720215
0.614663302898407
0.5918392539024353
0.6424170136451721
0.5577828884124756
0.8849563002586365
0.5984188318252563
0.6758619546890259
0.609938383102417
0.7240482568740845
0.6096409559249878
0.5983456373214722
0.6415717601776123
0.5974268913269043
0.6621813178062439
0.8268049359321594
0.6220117807388306
0.6449557542800903
0.6469488143920898
0.6181076765060425
0.6443743705749512
0.5798255801200867
0.5897247791290283
0.592282235622406
0.5950722694396973
0.5934836268424988
0.6092610359191895
0.7088594436645508
0.6746618151664734
0.5728077292442322
0.6997523307800293
0.7773445844650269
0.6165407299995422
0.5720705986022949
0.8001033663749695
0.5784794092178345
0.8327723145484924
0.5019123554229736
0.9110685586929321
0.6571928262710571
0.5476046204566956
0.5294888019561768
0.5595966577529907
0.5413886904716492
0.7998635172843933
0.5362277030944824
0.6339508295059204
0.6815555691719055
0.5118281245231628
0.6197152733802795
1.583613395690918
0.6224691271781921
0.5418875813484192
0.6158328056335449
0.6387991905212402
0.8431394696235657
0.592343807220459
0.7104306817054749
0.571317732334137
0.6384838819503784
0.5170751214027405
0.6959195137023926
0.8741856813430786
0.7286657094955444
0.6214982867240906
0.7202626466751099
0.5997576117515564
0.560070276260376
0.5639275312423706
0.5686853528022766
0.6196062564849854
0.5917381048202515
0.5148234963417053
0.5894540548324585
0.6195272207260132
0.5686436891555786
0.5693938136100769
0.5735918283462524
0.7784000039100647
0.7192516922950745
0.5703727006912231
0.5747488737106323
0.5904592871665955
0.5844914317131042
0.6163173913955688
0.6275232434272766
0.5613216161727905
0.6116871237754822
0.5487945675849915
0.5593538880348206
0.5735197067260742
0.8483995199203491
0.5072238445281982
0.7824437618255615
0.5856412053108215
0.5657281279563904
0.5705951452255249
0.6056957244873047
0.5880691409111023
1.4693511724472046
0.6382037997245789
1.3947254419326782
0.8391212224960327
0.588901937007904
0.713923454284668
0.6096053123474121
0.6331374645233154
0.9491877555847168
1.0279593467712402
0.7578616142272949
0.6920186281204224
0.5397882461547852
0.7691975235939026
0.6127050518989563
0.6008384227752686
0.5632100701332092
0.6257814168930054
0.5633482933044434
0.6911364197731018
1.0655521154403687
0.5874338746070862
0.7144855260848999
0.7641973495483398
0.6328151822090149
0.5707962512969971
0.546177327632904
0.5554046630859375
0.6064852476119995
0.6884812116622925
0.6102971434593201
0.5502142906188965
0.667360782623291
0.6971731781959534
0.5773623585700989
0.6214767694473267
0.6642554998397827
0.7465884685516357
0.5848814845085144
0.5919606685638428
0.5410069823265076
0.5912728309631348
0.9022567272186279
0.6857352256774902
0.5818568468093872
0.5943106412887573
0.8786147236824036
0.7156856060028076
0.5784014463424683
0.5891035795211792
0.5843515396118164
0.7407519817352295
0.5134474635124207
0.7644569873809814
0.805477499961853
0.72900390625
0.765954315662384
0.625659167766571
0.6506571173667908
0.6868260502815247
0.6081145405769348
0.599623441696167
0.5982431173324585
0.6798430681228638
0.6441300511360168
0.643255889415741
0.5978113412857056
0.576120138168335
0.6732801795005798
0.6204862594604492
0.5876327157020569
0.6284857988357544
0.575117290019989
0.6275579929351807
0.564585268497467
0.6579136252403259
0.549909234046936
1.3791601657867432
1.7189669609069824
0.6602929830551147
0.6322810649871826
0.6642565727233887
0.5582201480865479
0.5922490358352661
0.5855600237846375
0.6285629272460938
0.5650739669799805
0.6926437616348267
0.6386249661445618
0.5917110443115234
0.5942564010620117
0.5347843766212463
0.657935380935669
0.5663174390792847
0.6081792712211609
0.6592299342155457
0.6546279191970825
0.5876530408859253
0.6646659970283508
1.0154930353164673
0.7830582857131958
0.6036354303359985
0.6514988541603088
0.5983447432518005
0.6311748623847961
0.6616302132606506
1.4408702850341797
0.6942514777183533
0.5491397380828857
0.635143518447876
0.5479294657707214
0.8963804244995117
0.739963948726654
0.8001781702041626
0.5718247294425964
0.654453456401825
0.6313866376876831
0.6009918451309204
0.5895044803619385
0.5452893376350403
0.6245877742767334
0.691457986831665
0.6726412773132324
0.6144400238990784
0.7071605324745178
0.6400555372238159
1.5102758407592773
0.7700145840644836
0.6036146283149719
0.6162447929382324
0.6015962362289429
0.6081804633140564
0.6208785176277161
0.5756571292877197
0.7038288116455078
0.6344243288040161
0.7050256729125977
0.6614070534706116
0.6058279871940613
0.7145366668701172
0.5995269417762756
0.6036670804023743
0.6347838640213013
0.6023557186126709
0.6235494017601013
0.6204818487167358
0.6478808522224426
0.7665823101997375
0.7727815508842468
0.6580401659011841
0.7034021615982056
0.6079961061477661
0.7661117315292358
0.5901774168014526
0.5923490524291992
0.6508145928382874
0.5383819341659546
0.7282213568687439
0.6172042489051819
0.7821589708328247
